20
1   45.4787083  9.2328595   deib_1
1   45.4787083  9.2328595   deib_2
1   45.4787083  9.2328595   deib_3
1   45.4787083  9.2328595   deib_4
2   45.4787083  9.2328595   deib_5
2   45.4787083  9.2328595   deib_6
2   45.4787083  9.2328595   deib_7
2   45.4787083  9.2328595   deib_8
3   45.4754828  9.2341357   golgi_1
3   45.4754828  9.2341357   golgi_2
3   45.4754828  9.2341357   golgi_3
3   45.4754828  9.2341357   golgi_4
4   45.5032287  9.1550115   bovisa_1
4   45.5032287  9.1550115   bovisa_2
4   45.5032287  9.1550115   bovisa_3
4   45.5032287  9.1550115   bovisa_4
5   45.5032287  9.1550115   bovisa_5
5   45.5032287  9.1550115   bovisa_6
5   45.5032287  9.1550115   bovisa_7
5   45.5032287  9.1550115   bovisa_8